world: ASkyBlock
x: -87.49750773959398
y: 98.0
z: -120.70253247472057
yaw: -0.17333984
pitch: -15.687957
name: shop
lastowner: 542c51be-9a14-4c63-b31d-296a88d6382f
