world: ASkyBlock
x: -87.39946245409953
y: 114.0
z: -191.5159329634561
yaw: -270.67822
pitch: -1.0900043
name: vip
lastowner: 542c51be-9a14-4c63-b31d-296a88d6382f
