lastAccountName: Juuma
timestamps:
  login: 1567841223695
  kits:
    debutant: 1567644909345
    menu: 1567677689755
  lastteleport: 1567841688631
  logout: 1567841217065
ipAddress: 86.243.102.186
money: '14105.0'
lastlocation:
  world: ASkyBlock
  x: 398.34642980098033
  y: 118.0
  z: 403.1464558967607
  yaw: 118.442444
  pitch: 14.570983
logoutlocation:
  world: ASkyBlock
  x: 411.97083303379816
  y: -30.448456774755243
  z: 401.45917285185095
  yaw: -233.53714
  pitch: -81.953865
