lastAccountName: GucciiB
timestamps:
  login: 1567701893891
  kits:
    debutant: 1567700988120
    menu: 1567702839256
  logout: 1567705238754
ipAddress: 86.152.81.186
logoutlocation:
  world: ASkyBlock
  x: 201.44815803876625
  y: 120.0
  z: 200.44972162275744
  yaw: 71.91058
  pitch: 44.888035
