lastAccountName: Rigoblock
timestamps:
  login: 1567838767306
  logout: 1567841344874
  lastteleport: 1567839148050
  kits:
    firework: 1567385748414
    color: 1567385652511
    debutant: 1567456012368
    menu: 1567698721069
    vip: 1567302946373
    dtools: 1567385896528
    tools: 1567272253394
    grand_mineur: 1567386027896
ipAddress: 109.190.254.50
logoutlocation:
  world: ASkyBlock
  x: 2.3737902104198456
  y: 120.0
  z: 202.0015887705537
  yaw: -265.03302
  pitch: 8.850003
afk: false
lastlocation:
  world: ASkyBlock
  x: -73.0479387621747
  y: 145.11048552453164
  z: -201.03954043710792
  yaw: -162.78027
  pitch: 62.550007
money: '570.0'
