lastAccountName: Rigoblock
timestamps:
  login: 1567869936055
  logout: 1567869984557
  lastteleport: 1567862653563
  kits:
    firework: 1567385748414
    color: 1567385652511
    debutant: 1567456012368
    menu: 1567698721069
    vip: 1567302946373
    dtools: 1567385896528
    tools: 1567272253394
    grand_mineur: 1567386027896
ipAddress: 93.174.24.211
logoutlocation:
  world: ASkyBlock
  x: -87.4895573432862
  y: 99.0
  z: -198.22086907931055
  yaw: 17.970097
  pitch: 10.570228
afk: false
lastlocation:
  world: ASkyBlock
  x: -10.571489280538643
  y: 124.36168264174003
  z: 268.26669658103276
  yaw: -359.85022
  pitch: 15.450001
money: '570.0'
