lastAccountName: iKroNeX_
timestamps:
  login: 1567799764131
  kits:
    debutant: 1567799794813
    menu: 1567799792260
  lastteleport: 1567799836368
  logout: 1567799849777
ipAddress: 82.236.118.181
lastlocation:
  world: ASkyBlock
  x: 202.7369754867535
  y: 120.0
  z: 400.95209855115434
  yaw: 160.76917
  pitch: 22.883966
logoutlocation:
  world: ASkyBlock
  x: -87.94469908374748
  y: 99.0
  z: -107.04047351090085
  yaw: 31.837238
  pitch: 2.1123939
