firstspawn:
  world: ASkyBlock
  x: -87.60248322730344
  y: 99.0
  z: -191.49135761572646
  yaw: -180.16156
  pitch: 64.50001
spawn:
  world: ASkyBlock
  x: -87.4895573432862
  y: 99.0
  z: -198.22086907931055
  yaw: -0.029907227
  pitch: -2.3297715
